0.694105
0.117722
0.143762
0.131257
0.115217
0.160071
0.157777
0.121074
0.134232
0.144567
0.158336
0.120857
0.167472
0.1695
0.128189
0.121366
0.131069
0.150881
0.124621
0.127894
0.147037
0.176799
0.123214
0.146361
0.171325
0.174334
0.122235
0.18728
0.145408
0.147256
0.121714
0.145015
0.138706
0.119757
0.168576
0.159291
0.112095
0.178516
0.148068
0.149908
0.151916
0.111651
0.163656
0.112821
0.15311
0.180815
0.164596
0.112714
0.103744
0.18131
0.1415
0.108782
0.135519
0.135706
0.085982
0.148591
0.157936
0.075776
0.112531
0.077072
0.113607
0.075537
0.075092
0.132718
0.095854
0.083811
0.130253
0.08502
0.086014
0.137312
0.088926
0.15375
0.088108
0.093002
0.135674
0.080313
0.14573
0.095514
0.102406
0.141866
0.085908
0.07868
0.084091
0.095215
0.084371
0.152417
0.09256
0.100844
0.101854
0.082507
0.127964
0.089881
0.099487
0.121475
0.081365
0.114074
0.107339
0.167253
0.116569
0.09584
0.131573
0.097708
0.124931
0.179569
0.112824
0.097084
0.13339
0.103355
0.09199
0.147904
0.112459
0.109318
0.12992
0.089191
0.09626
0.127829
0.101837
0.086739
0.111339
0.103912
0.095491
0.136564
0.115589
0.094442
0.131192
0.103939
0.090218
0.129334
0.095229
0.095953
0.192469
0.099936
0.143393
0.094505
0.086487
0.086103
0.145662
0.08594
0.146116
0.080245
0.088481
0.141109
0.085964
0.08163
0.159578
0.094538
0.082639
0.144051
0.083101
0.088819
0.137805
0.087339
0.08705
0.642394
0.094959
0.163909
0.086716
0.091743
0.125175
0.09688
0.126463
0.083804
0.097281
0.105923
0.082447
0.084991
0.151577
0.083873
0.079499
0.122088
0.082195
0.085271
0.117454
0.085053
0.092211
0.155784
0.086633
0.154457
0.085393
0.151787
0.090107
0.096369
0.152096
0.085229
0.085718
0.129486
0.087173
0.082623
0.105652
0.081244
0.08251
0.156933
0.082148
0.176373
0.084547
0.08085
0.10503
0.081181
0.104049
0.084538
0.089987
0.126986
0.083804
0.083618
0.139196
0.555452
0.089463
0.105519
0.086088
0.082242
0.107365
0.101761
0.084325
0.082696
0.122733
0.082906
0.125436
0.084057
0.082624
0.134006
0.083248
0.084973
0.114532
0.086545
0.082164
0.139204
0.085469
0.104175
0.135034
0.093572
0.098544
0.120051
0.122152
0.099752
0.158135
0.089207
0.088245
0.141818
0.084033
0.15329
0.093377
0.150942
0.097656
0.083555
0.123647
0.08108
0.126139
0.130273
0.082779
0.084935
0.142072
0.095068
0.080773
0.146011
0.081428
0.08124
0.125274
0.085472
0.085911
0.10713
0.123395
0.085338
0.1116
0.08047
0.151904
0.082086
0.117366
0.085226
0.082443
0.15661
0.090719
0.090228
0.142653
0.083343
0.090222
0.131082
0.095346
0.085645
0.145635
0.107743
0.168843
0.11775
0.10299
0.102022
0.137634
0.092469
0.130124
0.079564
0.083706
0.135518
0.082792
0.08365
0.152908
0.077737
0.622243
0.089225
0.115401
0.09006
0.085587
0.091161
0.089848
0.091514
0.093585
0.090871
0.088615
0.107589
0.082981
0.092323
0.088123
0.089834
0.095162
0.087676
0.085148
0.115496
0.091035
0.088303
0.092931
0.090657
0.090919
0.086248
0.10337
0.092
0.103821
0.098312
0.15207
0.115266
0.093315
0.101517
0.090231
0.090504
0.090229
0.086603
0.100403
0.08701
0.094876
0.090331
0.101959
0.119988
0.091509
0.100651
0.110012
0.131575
0.105175
0.107649
0.111038
0.117237
0.10685
0.09994
0.086975
0.09793
0.110994
0.092514
0.088435
0.089939
0.088256
0.099076
0.086348
0.10202
0.116586
0.102637
0.101768
0.110504
0.133347
0.097662
0.092884
0.107813
0.090797
0.088154
0.090696
0.083904
0.087572
0.0979
0.109136
0.140054
0.10847
0.112148
0.178986
0.104958
0.084724
0.089892
0.096259
0.138656
0.097855
0.104834
0.104772
0.096322
0.098754
0.094087
0.124517
0.09353
0.084747
0.084106
0.084734
0.095027
0.092514
0.087372
0.088788
0.083329
0.091565
0.606482
0.134943
0.092
0.085845
0.086304
0.113803
0.115604
0.163902
0.156231
0.355467
0.168438
0.167811
0.169172
0.125503
0.176786
0.158932
0.138804
0.122778
0.101582
0.094266
0.091249
0.097808
0.088512
0.091302
0.084314
0.114796
0.101016
0.098065
0.101747
0.093265
0.103648
0.085494
0.085987
0.093977
0.104651
0.117031
0.110503
0.113545
0.119449
0.204306
0.356542
0.217086
0.230761
0.39658
0.316696
0.129691
0.128488
0.108933
0.095436
0.125584
0.113779
0.091525
0.103858
0.096266
0.104677
0.104739
0.11869
0.111505
0.113602
0.102264
0.084007
0.118402
0.106718
0.112625
0.126758
0.186051
0.251176
0.199594
0.26262
0.194321
0.319748
0.268918
0.263108
0.125972
0.099618
0.088687
0.085514
0.12153
0.10957
0.1015
0.085381
0.109194
0.188483
0.162534
0.121275
0.151885
0.214945
0.111812
0.285237
0.164693
0.138006
0.219701
0.125002
0.185796
0.23402
0.216033
0.241767
0.183745
0.164818
0.154528
0.286916
0.32944
0.362958
0.227518
0.215938
0.10594
0.128413
0.105791
0.099194
0.137341
0.174476
0.130402
0.0966
0.136742
0.105196
0.093637
0.083624
0.101308
0.126266
0.086655
0.090137
0.098499
0.085851
0.101901
0.088969
0.214124
0.282262
0.300559
0.224488
0.225352
0.351084
0.222622
0.227695
0.232058
0.173242
0.342525
0.211907
0.215976
0.121004
0.108514
0.08854
0.172835
0.153415
0.24276
0.253984
0.24035
0.128281
0.095771
0.090226
0.08732
0.099603
0.160648
0.11351
0.163487
0.090632
0.090492
0.095446
0.101721
0.097183
0.106761
0.132056
0.117225
0.117779
0.126652
0.125066
0.161659
0.090137
0.095931
0.133146
0.098798
0.107282
0.092593
0.116337
0.10194
0.116758
0.144191
0.181107
0.268386
0.157729
0.088597
0.113526
0.107714
0.107479
0.104391
0.103019
0.087471
0.093685
0.143736
0.136724
0.093635
0.082007
0.104009
0.104682
0.084748
0.085853
0.092931
0.098363
0.093813
0.113931
0.225873
0.13931
0.142901
0.121224
0.153624
0.099151
0.107296
0.109065
0.135403
0.159995
